0.999999999 -3.983632849e-05 1.997645212e-05 -0.0003433224338 3.983564015e-05 0.9999999986 3.445675745e-05 -0.002129519125 -1.997782472e-05 -3.445596164e-05 0.9999999992 -0.001163669513
0.999934508 -0.0105630796 -0.004404665225 2.118413893 0.01055705134 0.9999433072 -0.001389619739 0.0389118496 0.004419094176 0.001343028453 0.9999893339 0.0143101174
0.999696075 -0.02383963136 -0.006279305972 4.358536064 0.02383972866 0.9997157915 -5.936344707e-05 0.1054904211 0.006278936543 -9.035154551e-05 0.9999802832 0.03663976033
0.9993004225 -0.03718336673 -0.004007839937 6.73019038 0.03720057795 0.9992985289 0.004308952204 0.2102083204 0.003844807203 -0.004455031721 0.9999826849 0.05864751116
0.9989636431 -0.04546138315 -0.002214142853 9.170958386 0.04546852625 0.998960353 0.003290336682 0.3351918473 0.00206225767 -0.003387600531 0.9999921356 0.07692312158
0.9987086969 -0.05076426954 -0.001981857478 11.70269893 0.05076109745 0.9987095116 -0.001619367759 0.4605123025 0.002061505935 0.001516675404 0.9999967249 0.1018957025
0.9984234818 -0.05558932885 -0.007770299025 14.32358502 0.05561718472 0.9984463234 0.003415853397 0.6349827868 0.007568341496 -0.003842630399 0.9999639766 0.1282768075
0.9982013321 -0.05972677326 -0.005178137634 17.01889219 0.059757746 0.9981945838 0.006048523306 0.8020784402 0.00480753016 -0.006347077855 0.9999683006 0.1605516391
0.9979583356 -0.0635814001 -0.006046977113 19.75222301 0.06360176811 0.9979701061 0.003237657175 0.9881313901 0.005828847615 -0.003615645401 0.9999764755 0.193223841
0.9979716851 -0.06363205194 0.001864882898 22.57268013 0.06362045447 0.9979577187 0.005729708496 1.182639431 -0.002225667391 -0.005599442145 0.9999818462 0.2136948399
0.9982688254 -0.05867801326 0.004030258015 25.41560593 0.0586655306 0.9982727289 0.003148705774 1.365744681 -0.004208056466 -0.00290681759 0.9999869213 0.2288545598
0.9984463969 -0.05566624333 -0.002462097786 28.3075348 0.05567633365 0.9984398694 0.004239475797 1.559284602 0.0022222609 -0.004369969912 0.9999879824 0.2464038483
0.998334084 -0.05738462542 0.006005128605 31.24697959 0.05743579454 0.9983110607 -0.008726716859 1.716241815 -0.005494206929 0.009057088214 0.9999438898 0.2618350374
0.9980930525 -0.06171301007 -0.001327765701 34.21964518 0.0617001548 0.9980611896 -0.00818246353 1.91455606 0.001830155869 0.008084936652 0.9999656416 0.2815766764
0.9979328615 -0.0642198961 0.002410182114 36.21530114 0.06422899655 0.9979275256 -0.003910209581 2.055168049 -0.00215407382 0.004056930215 0.9999894506 0.2958661471
0.9978074841 -0.06596362994 0.005387404271 38.21713796 0.0659711122 0.9978207839 -0.001222955891 2.196211587 -0.005294993343 0.001575687593 0.99998474 0.3082055403
0.9977303477 -0.06657858935 0.01007197347 40.25773956 0.06655154318 0.9977784863 0.002997404681 2.347544117 -0.01024916142 -0.002320296237 0.9999447839 0.3129575463
0.9977814772 -0.06620739013 0.006978919106 43.23606738 0.06618033176 0.9977995018 0.004039551705 2.563012022 -0.007231010182 -0.003568722686 0.9999674878 0.311736602
0.9976622403 -0.0679092839 0.007640903437 45.24194816 0.06790067056 0.9976911299 0.001381391159 2.717728716 -0.007717070868 -0.0008593393314 0.9999698537 0.3135985989
0.9975654656 -0.0696912603 0.002504013415 48.17168877 0.06967585294 0.9975528923 0.005788146614 2.953001651 -0.002901269057 -0.005599585902 0.9999801134 0.3319151244
0.997514108 -0.070128427 0.006899854501 51.12103562 0.07009695482 0.9975290999 0.004702316367 3.173423239 -0.0072125717 -0.004206968127 0.9999651395 0.3556825791
0.9974501867 -0.07107473959 0.006442546063 54.02257817 0.07108174181 0.9974701194 -0.0008642009518 3.372770986 -0.006364824334 0.001319944797 0.9999788732 0.3778606074
0.9972015522 -0.07307858867 0.01576655301 56.93710541 0.07317032752 0.9973052611 -0.005321595856 3.596701364 -0.01533517155 0.006460347496 0.9998615386 0.3893643963
0.9970227087 -0.07647354771 0.009874959064 59.75652677 0.07650957898 0.9970633073 -0.003323485051 3.829116484 -0.009591800652 0.004069119029 0.9999457183 0.387153723
0.9968478819 -0.079067021 0.006535021433 62.52693546 0.07901263772 0.9968398968 0.008198978477 4.079865505 -0.007162638894 -0.007656785048 0.9999450336 0.3926439295
0.9965161217 -0.08295306332 0.00862603186 65.11718145 0.08284444321 0.9964869767 0.01226798451 4.312081453 -0.009613395305 -0.01151062554 0.9998875377 0.4048960993
0.9961468816 -0.08705665398 0.01060798551 67.63081613 0.0869096856 0.9961232599 0.01360726534 4.538883743 -0.0117514641 -0.01263289825 0.9998511454 0.4166143035
0.9956471523 -0.09142044904 0.01813972438 70.00985754 0.09108998287 0.9956749046 0.01827838277 4.783408643 -0.0197322863 -0.01654647257 0.9996683706 0.4156785473
0.9954620491 -0.0950844743 0.003775116596 72.22468841 0.09499405627 0.9952877612 0.0194525494 5.011464129 -0.005606962778 -0.01900566104 0.9998036541 0.4295888283
0.9951784235 -0.09786078831 0.006570501944 74.27226261 0.09768205012 0.9949397699 0.02351746736 5.236596352 -0.008838691588 -0.022762256 0.9997018342 0.440638918
0.9955235225 -0.09442973572 -0.003992626964 76.66996644 0.09447712554 0.9954272847 0.01409232254 5.460595411 0.002643635524 -0.0144064505 0.9998927269 0.4748749234
0.9973359821 -0.07243298683 0.008625616707 78.89707845 0.07234125291 0.9973245545 0.01051076238 5.636562098 -0.009363865253 -0.009858773604 0.999907557 0.4917867595
0.9997752105 0.01756788638 0.011870039 81.31877081 -0.01779039737 0.9996629466 0.01890753763 5.684056856 -0.01153387269 -0.01911446013 0.9997507725 0.5062277446
0.9777527406 0.2088723533 0.01928518048 83.43635107 -0.2091790015 0.9777539855 0.01553348728 5.481553359 -0.01561164603 -0.01922196455 0.9996933493 0.5100115922
0.8415327017 0.5400569858 0.01269504247 85.61047539 -0.540204659 0.8413536163 0.01740743171 4.590135509 -0.001280014792 -0.02150684412 0.9997678817 0.5073052222
0.5857333723 0.8104284382 0.01105274349 87.05853567 -0.8105020777 0.5856495128 0.01005137535 2.86526007 0.001672886585 -0.01484569754 0.9998883971 0.5498935187
0.3303487536 0.9438485522 -0.004428494931 87.95012798 -0.9438456725 0.330365352 0.003752434752 0.7464057193 0.005004751394 0.002940203633 0.9999831537 0.6102234553
0.1890535919 0.9819663054 0.0009562626468 88.46309499 -0.9817771994 0.1889978706 0.01983269263 -1.19003026 0.0192943043 -0.004688278642 0.9998028555 0.6394491822
0.1035816572 0.9946207967 -0.0005577140956 88.70236401 -0.9942314842 0.1035567714 0.02792401986 -3.449533701 0.02783156595 -0.002337919341 0.9996098929 0.7269196174
0.06141964116 0.9980617682 -0.01001671436 88.82508107 -0.997777495 0.06165577376 0.02527124875 -5.503310158 0.02583985549 0.008442301133 0.9996304464 0.7782948027
0.03993975358 0.9990898309 -0.01497751492 88.93450627 -0.9988166662 0.04033615788 0.02717097209 -7.812145334 0.02775037732 0.01387458959 0.9995185903 0.8263271413
0.03101855581 0.9992711424 -0.02224934157 88.9973525 -0.9991695268 0.03158846459 0.02573763189 -10.38518463 0.02642169536 0.02143251991 0.999421103 0.8995419333
0.03796206252 0.9988677958 -0.02867068889 89.07079649 -0.998923187 0.03869869858 0.02559057009 -12.53921265 0.02667111468 0.02766834509 0.9992612843 0.9560759983
0.05036537268 0.9983039521 -0.02919843296 89.17634388 -0.9984351838 0.05104027988 0.02284893117 -14.80268132 0.02430047448 0.02800194784 0.9993124526 1.013323393
0.06311910902 0.9977518579 -0.02252128132 89.32070539 -0.997750952 0.06359705279 0.0211767021 -17.16664876 0.02256138098 0.02113397531 0.9995220554 1.064655367
0.06813754094 0.9975943792 -0.01275657129 89.51331143 -0.9971265523 0.06851872388 0.03230825328 -19.61646427 0.03310459586 0.01051851102 0.9993965412 1.149433325
0.06851532924 0.9976167212 -0.008156426565 89.70059615 -0.9971856535 0.06873057584 0.02994796112 -22.07292573 0.03043718267 0.006081577138 0.9995181801 1.245977061
0.06866563237 0.9976397221 0.0001257613307 89.90879949 -0.9971650273 0.06862907064 0.03085383167 -24.54209485 0.03077237717 -0.002244002663 0.9995238993 1.343637171
0.06051849987 0.9981344166 0.008074503034 90.10879431 -0.9977151999 0.06024574275 0.03057499635 -26.97774372 0.03003150172 -0.009906407321 0.9994998609 1.447746054
0.04206557486 0.9990388659 0.01232200639 90.27621131 -0.9987606956 0.0417191193 0.02714015551 -29.44647615 0.02660000693 -0.01344840192 0.9995556914 1.548802041
0.01303701606 0.9998542967 0.01101914843 90.33802038 -0.9995529124 0.01273495584 0.02705173335 -31.85908971 0.02690746346 -0.01136689579 0.9995733 1.641518221
-0.0198974352 0.9997385588 0.01126525816 90.32271389 -0.9994937813 -0.0201698071 0.0246040646 -34.28240772 0.02482485016 -0.0107699977 0.9996337999 1.736580143
-0.05203775695 0.9985702336 0.01222949191 90.2404605 -0.9982665918 -0.05235127443 0.0268915547 -36.63132013 0.02749333555 -0.01080891702 0.9995635467 1.82775351
-0.08073858531 0.9966899702 0.009507058046 90.08920486 -0.9963374688 -0.08097215335 0.02748015064 -38.87011105 0.02815899748 -0.007253529663 0.9995771392 1.922265769
-0.1015620205 0.9948072633 0.006607941979 89.87666116 -0.9945196977 -0.1016938601 0.02426787265 -41.09136174 0.0248138431 -0.004107034279 0.9996836527 2.018751565
-0.1105563268 0.9938698033 0.0003356146468 89.65204224 -0.9936543632 -0.1105393807 0.02078585434 -43.20501606 0.0206955316 0.001964522746 0.9997838945 2.098688953
-0.1077772254 0.9941746748 -0.0008864011073 89.44151363 -0.9939214767 -0.107729554 0.0226812993 -45.20646929 0.02245368176 0.003325540605 0.9997423533 2.183907422
-0.07034804283 0.9975224899 -0.0001868729035 89.26098539 -0.9972224143 -0.07032228333 0.02454043547 -47.57586312 0.02446649497 0.001912725454 0.9996988207 2.267064286
0.02064784882 0.999782088 0.003072935816 89.29003625 -0.9992568745 0.02053674674 0.03261810607 -49.7603411 0.03254789009 -0.003744145962 0.999463164 2.366140095
0.1773941834 0.9841105129 0.007602774863 89.66934444 -0.9838434747 0.1771458749 0.02591054499 -51.87452868 0.02415203952 -0.01207632041 0.9996353543 2.442136294
0.3855551977 0.922622921 0.0106834036 90.50515572 -0.9225239011 0.3852459299 0.0231349376 -53.77301581 0.01722908596 -0.0187754906 0.999675267 2.500943128
0.6720107688 0.7405408573 -0.0008748320171 92.01663628 -0.7400109575 0.6715736731 0.03704840491 -55.64122711 0.02802337168 -0.02424954179 0.9993130893 2.571925435
0.8762782068 0.4816439105 0.01247588857 93.972493 -0.481803588 0.8759087321 0.02547931807 -56.8603557 0.00134421865 -0.02833789902 0.9995974973 2.61062499
0.9608252178 0.2761970145 0.02302411854 96.15699751 -0.2768874325 0.9602291811 0.03596205555 -57.5272486 -0.01217581812 -0.04092833893 0.9990878943 2.614459219
0.9778565076 0.2080460073 0.0226607455 98.58544579 -0.2088635953 0.9769875841 0.04325805313 -58.06158624 -0.01313960176 -0.04703317354 0.998806904 2.605256954
0.9774336894 0.211087909 0.008079452537 100.7105044 -0.2112314245 0.9762762216 0.04760277803 -58.49170588 0.002160593481 -0.04823519322 0.9988336688 2.584608882
0.9732204258 0.2293954628 0.01482310608 103.0518147 -0.2298716709 0.9714685644 0.05837673597 -59.01862072 -0.001008823224 -0.060220844 0.9981845682 2.592960605
0.9703672296 0.2409668901 0.01795543299 105.6247969 -0.2415284675 0.9694637098 0.04247487088 -59.65261649 -0.007172103139 -0.045552971 0.998936178 2.593877194
0.9713939249 0.2374424265 0.003864808448 107.6231893 -0.2373571154 0.9702774257 0.04715206202 -60.14269109 0.007445963628 -0.04672056638 0.9988802462 2.60593632
0.972959359 0.2301913464 0.0190270782 109.7525816 -0.2308570661 0.9717990354 0.04807961853 -60.65073946 -0.007422984119 -0.05117205028 0.9986622655 2.604501714
0.9749179971 0.2222913764 0.01102011446 111.974073 -0.2225576555 0.9733081792 0.05602926342 -61.15840906 0.001728854542 -0.05707654811 0.9983683081 2.609602409
0.9777248659 0.2097054869 0.008814498097 114.3289753 -0.2098799476 0.9763883116 0.05114951215 -61.68925283 0.002119960436 -0.0518601363 0.9986521076 2.61869799
0.9785105182 0.2058071906 0.01267146676 116.7178189 -0.206168609 0.9775451843 0.04358804151 -62.21202095 -0.003416198939 -0.04526381576 0.998969227 2.628397225
0.9785995114 0.2054592734 0.01137907255 119.1765768 -0.2057740191 0.9771612511 0.05303717922 -62.70840268 -0.0002222084568 -0.05424367517 0.9985277033 2.640412533
0.9774119972 0.2108580611 0.01430614248 121.6824876 -0.2113426304 0.9750785106 0.06749956064 -63.20010996 0.0002832143811 -0.06899837816 0.9976167318 2.647442348
0.9762279933 0.2165297996 0.009682510041 124.2444655 -0.2167195891 0.9744341109 0.05925186308 -63.75177948 0.003394825978 -0.05994171699 0.9981961058 2.668279934
0.9755618632 0.2194631329 0.01072307406 126.7760026 -0.2197189046 0.9740108237 0.05501380007 -64.324264 0.001629110717 -0.05602542739 0.9984280132 2.729231691
0.9747840635 0.2227560157 0.01325846899 129.302757 -0.2231498578 0.9729503699 0.05976385744 -64.87026976 0.0004129264599 -0.06121548128 0.9981244884 2.723993549
0.9750419079 0.2220207164 -0.000281676939 131.7735509 -0.2216786999 0.9736087285 0.05426414927 -65.43751474 0.01232200842 -0.05284737786 0.9985265759 2.807936858
0.9755895123 0.2184919425 0.02205389968 134.2830963 -0.2192781056 0.9746787347 0.04380041737 -65.99845176 -0.01192542876 -0.04756716516 0.9987968507 2.811586704
0.9768770178 0.213793373 0.001919816818 136.723319 -0.2135763138 0.9753940672 0.05469526332 -66.52274066 0.0098209069 -0.05384057312 0.9985012481 2.847184166
0.9792318626 0.2027357227 0.001784933503 139.1641418 -0.2025271236 0.9777417782 0.05480674567 -67.02278241 0.009366081136 -0.05403000909 0.9984953854 2.890861791
0.9807193618 0.1953589716 0.004940194283 141.5868167 -0.1952571167 0.9785451992 0.06575676061 -67.48186232 0.008011969729 -0.0654535364 0.9978234528 2.945481559
0.9818246529 0.1897191049 0.005197330526 144.0021663 -0.1896840763 0.9799912223 0.06030883289 -67.94548804 0.006348399495 -0.06019854975 0.9981662349 2.982252008
0.9850818302 0.1720440891 0.003823509469 146.4002934 -0.1719908058 0.983549457 0.0552234399 -68.36887361 0.005740255754 -0.05505721572 0.9984667007 3.030010705
0.9872677562 0.1574555797 0.02258579396 148.774676 -0.1585139888 0.9856979592 0.0572088153 -68.75098163 -0.01325492384 -0.06006058301 0.9981067244 3.050426885
0.9901657136 0.1398601126 0.003317896271 151.1554202 -0.1398406732 0.988783762 0.05245243618 -69.08205947 0.004055321672 -0.05240058075 0.9986179117 3.055922671
0.9930678442 0.1174198594 0.005369672778 153.6345841 -0.1175230543 0.9910338189 0.06356336681 -69.36348445 0.002142074277 -0.06375379599 0.9979633586 3.071974156
0.9958426794 0.09108796256 0.0005838652033 156.1123021 -0.09093012857 0.9936968798 0.06556083219 -69.58249663 0.005391617597 -0.06534136574 0.9978484035 3.102330045
0.9976551725 0.06709515104 0.01350545786 158.6499537 -0.06789698426 0.9950942361 0.07195457443 -69.75103576 -0.008611400233 -0.07270283323 0.9973164702 3.11874359
0.9986291494 0.0517125976 0.008101183778 161.156681 -0.05217166041 0.9958846081 0.07410779488 -69.85278385 -0.004235537656 -0.07442885638 0.9972173312 3.118818177
0.9990914767 0.0421837637 0.006062284494 163.6487442 -0.04254168854 0.9956417632 0.08299207249 -69.92320023 -0.002534945647 -0.08317457207 0.996531768 3.152102098
0.9993795692 0.03095828291 0.0167946804 166.1434587 -0.03219544341 0.9963365176 0.07922750249 -69.99788324 -0.01428040595 -0.0797190595 0.9967150754 3.123200207
0.9999149599 0.01191189108 0.00530846878 168.6042704 -0.01227574115 0.9971229392 0.07480073697 -70.04340626 -0.004402177761 -0.0748595413 0.9971843711 3.136774287
0.9998199261 -0.009394859695 0.01648793333 171.1153073 0.008442860714 0.9983448536 0.05688823651 -70.04812816 -0.01699510039 -0.0567387871 0.9982443972 3.114385384
0.9995749097 -0.02908349998 0.002037115352 173.624159 0.02898178577 0.9988159484 0.0390737417 -70.00360511 -0.003171104468 -0.03899809259 0.9992342533 3.109996695
0.9987583206 -0.04741233113 0.01529339335 176.1851463 0.04662371646 0.9977417041 0.04834998324 -69.89347077 -0.01755124176 -0.04757691322 0.9987133679 3.105427492
0.9982727416 -0.05763528155 0.01138892762 178.7536685 0.05702616092 0.9972160391 0.04804360771 -69.7371671 -0.01412622815 -0.04731115716 0.9987803082 3.11502524
0.9979402748 -0.06407165779 0.003167108035 181.2746583 0.06377709245 0.9962458664 0.05853764815 -69.55174191 -0.006905822448 -0.05821508774 0.9982801777 3.097172715
0.997643208 -0.06695459359 0.01500373268 183.8747265 0.06594351146 0.9960189159 0.059981434 -69.37536097 -0.01896003409 -0.05885067142 0.9980867275 3.082324886
0.9973704931 -0.0722622601 -0.005501390072 186.3645084 0.07243516606 0.9963950301 0.04415983038 -69.23133058 0.002290468577 -0.0444422059 0.9990093313 3.08320615
0.9970337755 -0.07633955629 0.009794006609 188.9768344 0.07569577314 0.9956336482 0.05462406447 -69.01167667 -0.01392121937 -0.05372067233 0.9984589571 3.103753593
0.9970034213 -0.07735500645 0.0006170985188 191.5131179 0.07718224527 0.9952500729 0.05933121759 -68.79543046 -0.005203734065 -0.05910579788 0.9982381609 3.115967058
0.9968939185 -0.0784869648 0.00650474274 194.0707911 0.07783512952 0.9944644736 0.07058401693 -68.5723202 -0.01200866082 -0.06985847972 0.9974846289 3.128960656
0.9967855119 -0.08006571509 -0.002850341817 196.5360719 0.08004827005 0.9938396165 0.07664914281 -68.36153883 -0.003304185812 -0.07663091999 0.9970540529 3.135902208
0.996207184 -0.08564677102 0.01535829009 198.9632284 0.08418737834 0.9933395077 0.07867088306 -68.14780698 -0.02199390343 -0.0770795247 0.9967823308 3.145189484
0.9962735969 -0.0860728929 0.00551155045 201.2761171 0.08546123283 0.9937724082 0.07150369533 -67.96330964 -0.01163175667 -0.07076621984 0.9974251071 3.136730776
0.9966075944 -0.082022602 -0.006752451701 203.3500899 0.08229161856 0.9943217714 0.06747076791 -67.7800467 0.001179981793 -0.06779754988 0.9976984013 3.159617691
0.997798112 -0.06606505745 0.00585969018 205.4189904 0.06549335245 0.9953847485 0.07014145103 -67.6228918 -0.01046654523 -0.06960323665 0.9975198449 3.202839477
0.9991836671 -0.0397763411 -0.007059892674 208.0249444 0.04017619099 0.9966940714 0.07061729003 -67.46457503 0.004227655758 -0.07084328241 0.9974784991 3.214668703
0.999912286 -0.01322421787 0.0007350455189 210.6316829 0.01314673633 0.997727153 0.06608851269 -67.41831184 -0.001607343763 -0.06607305236 0.9978134937 3.264726873
0.9999753068 -0.003030144681 0.0063406672 213.251298 0.002624334056 0.9980063673 0.06305873183 -67.39843436 -0.00651910332 -0.06304053468 0.9979896754 3.283477276
0.9999777488 -0.005789016477 -0.003314993066 215.8873166 0.006023351325 0.9971131863 0.07569024385 -67.38195486 0.002867251229 -0.07570852702 0.9971258686 3.290381887
0.9998436077 -0.01524535365 -0.008963217237 217.9106087 0.01583686912 0.9974130207 0.07011747047 -67.35735945 0.007871063945 -0.07024845394 0.9974984717 3.327942501
0.9993083127 -0.02812491673 0.02432869108 220.0192825 0.02646120171 0.9974557157 0.06619592106 -67.30215208 -0.02612854674 -0.06550636778 0.9975100074 3.308974015
0.9992705697 -0.03721334432 0.008572954682 222.088536 0.03657753383 0.9972051874 0.06514520945 -67.22902823 -0.01097326599 -0.06478411302 0.997838968 3.313610397
0.9990478585 -0.04161046755 0.01311279261 224.2280567 0.04098951869 0.9981674348 0.04451552037 -67.1740169 -0.01494107418 -0.04393564824 0.9989226312 3.292477201
0.9989297185 -0.04537624328 0.008967388531 226.331874 0.04505845773 0.9984414796 0.03292942861 -67.10426771 -0.01044762644 -0.03249012815 0.9994174497 3.286923345
0.9987461814 -0.04776866044 0.01497398756 228.418024 0.04738749986 0.9985673632 0.02485248304 -67.02886983 -0.01613970509 -0.0241117427 0.9995789783 3.283149008
0.998735142 -0.04932476392 0.009756215574 230.4844755 0.04913998562 0.9986233177 0.01835023782 -66.93421847 -0.01064790551 -0.01784760708 0.9997840192 3.283500752
0.9987856201 -0.0491343545 -0.003619432732 232.513711 0.04920523529 0.9985200121 0.02316528324 -66.81720496 0.002475864776 -0.02331524682 0.9997250969 3.292922078
0.9985854038 -0.05017765012 0.01758962147 235.0896517 0.04981812005 0.9985516833 0.02031478987 -66.68965321 -0.01858349455 -0.01940977077 0.9996388921 3.319692002
0.9971350671 -0.07422180365 0.01458704039 237.3796897 0.07415444547 0.9972336958 0.005106286208 -66.54438497 -0.01492568598 -0.00400996315 0.9998805649 3.306962026
0.9884937104 -0.150655788 0.01352841613 239.4269992 0.1506324371 0.9885860564 0.002734595581 -66.20662742 -0.01378598621 -0.0006653122401 0.9999047474 3.309398523
0.9457426213 -0.3248373616 0.007182108976 241.75435 0.324781248 0.9457555496 0.007973792547 -65.40456107 -0.009382705155 -0.005208541149 0.9999424163 3.31115299
0.8291751218 -0.5587246826 -0.01718564805 243.6144253 0.5587531677 0.8275407992 0.0545080118 -64.11444825 -0.01623314667 -0.05479922261 0.9983654292 3.283658257
0.6363248449 -0.7713098581 -0.01310704127 244.9669851 0.7684710641 0.6323153094 0.09813038893 -62.47940907 -0.06740115351 -0.07251518646 0.9950872486 3.193761534
0.3915446688 -0.9201418176 -0.005639850925 245.8623578 0.9167131719 0.3895410855 0.08885214171 -60.64919971 -0.07955961752 -0.03995970803 0.9960288595 3.047120722
0.1475374904 -0.9889775034 -0.01249746603 246.237222 0.985954243 0.1460629887 0.08099280282 -58.46708657 -0.07827464269 -0.02427140453 0.9966363325 2.861123264
-0.00772249049 -0.9997765708 -0.01967667567 246.300901 0.9973425511 -0.009126257811 0.07228102944 -56.06858685 -0.07244445416 -0.01906619634 0.9971901931 2.671955437
-0.06105467849 -0.9977112068 -0.02906327542 246.2074075 0.9957787648 -0.06288404898 0.06685991314 -53.91155056 -0.06853450106 -0.024858482 0.9973389986 2.522773261
-0.06848837767 -0.9972029687 -0.02992626502 246.0247869 0.9952491997 -0.07037328576 0.06728024385 -51.42611062 -0.0691980685 -0.02517617656 0.9972852087 2.359961796
-0.06603386065 -0.9974945619 -0.02537967983 245.8753576 0.9957134337 -0.06752417699 0.0632079377 -49.33028687 -0.06476331612 -0.021097024 0.9976776175 2.224207801
-0.0628664438 -0.9977097654 -0.02496065381 245.7317565 0.9960240751 -0.06430268212 0.06165392791 -47.06606114 -0.06311776294 -0.02098544893 0.9977854273 2.070586488
-0.05806221604 -0.9981271711 -0.01925952868 245.5844482 0.9962937148 -0.05916040279 0.0624410176 -44.57477968 -0.06346347773 -0.01556268352 0.9978628112 1.913829122
-0.05488894465 -0.9982772922 -0.02072804039 245.4344803 0.9960599724 -0.05619158862 0.06860784775 -41.95030548 -0.06965439799 -0.01688055899 0.9974283491 1.756861796
-0.05453426031 -0.9983613761 -0.01733716168 245.2802417 0.9959570454 -0.05562780133 0.07053447 -39.26910049 -0.07138331871 -0.01342052318 0.9973586674 1.594552883
-0.06103459125 -0.9980239595 -0.01493167779 245.1208342 0.9956019464 -0.06193807165 0.07028826076 -36.58127172 -0.07107420764 -0.01057599221 0.9974149615 1.433316669
-0.06944735764 -0.9975639976 -0.006567745758 244.946874 0.9943578345 -0.06975033782 0.07992113217 -33.95826709 -0.08018454659 -0.0009803780009 0.996779553 1.267523426
-0.07783688675 -0.9969092167 -0.01065048135 244.7296356 0.9941430223 -0.07841542316 0.07436849175 -31.31198138 -0.07497379686 -0.004799489846 0.9971739541 1.088423931
-0.08154262731 -0.9965600219 -0.01479603705 244.4789443 0.994150329 -0.08238244558 0.06984451307 -28.73617253 -0.07082318319 -0.009014180007 0.9974481547 0.9356109471
-0.07933698505 -0.9966402714 -0.02034237426 244.2422719 0.9946043434 -0.08051028131 0.06542396072 -26.14365996 -0.06684192424 -0.015042074 0.9976501858 0.7799343777
-0.07342731249 -0.9971068748 -0.01965477067 244.0445421 0.9949726115 -0.07458747844 0.06682971176 -23.63343956 -0.06810236482 -0.01464883237 0.9975707893 0.6519449327
-0.06824467495 -0.9975824845 -0.01310919336 243.8744615 0.9953866903 -0.06897090954 0.06669595512 -21.10899403 -0.06743886961 -0.008497072812 0.9976872248 0.5140501094
-0.0658417145 -0.9977224616 -0.01465463504 243.7094596 0.9953619187 -0.06670411047 0.06931963948 -18.60996937 -0.07013928573 -0.01002254174 0.9974868567 0.3681148685
-0.07078359251 -0.9973815194 -0.01482524003 243.5307472 0.994784843 -0.07167789667 0.072563043 -16.15310183 -0.0734356801 -0.009611651212 0.9972536373 0.219331848
-0.08222048642 -0.9964954325 -0.01538325952 243.3088825 0.9943587726 -0.08306250177 0.06596402165 -13.70234571 -0.0670106183 -0.009872885112 0.9977034144 0.06601902923
-0.09620744038 -0.9951211185 -0.0218652202 243.0641395 0.9930647236 -0.09745367958 0.06576651976 -11.28647592 -0.06757649887 -0.01538635032 0.9975954476 -0.06763852394
-0.1075437246 -0.9937238245 -0.03077836657 242.7707909 0.9916725638 -0.109425071 0.06790935232 -8.906997149 -0.07085106626 -0.023218837 0.9972166324 -0.2272680779
-0.1114823188 -0.9930534322 -0.03763739418 242.4618664 0.9913555502 -0.1137685946 0.06535197025 -6.601875317 -0.0691799518 -0.03002645043 0.9971522183 -0.3859345099
-0.1115753894 -0.992789059 -0.04382712516 242.1934096 0.991355721 -0.1142610026 0.06448455479 -4.432978868 -0.06902729173 -0.03625338195 0.9969558292 -0.5181286574
-0.106366511 -0.9932556399 -0.04614541253 241.9488244 0.9917991143 -0.1092889122 0.06626047507 -2.404737493 -0.0708567725 -0.03871908372 0.9967347442 -0.6410013243
-0.09472849747 -0.9946922629 -0.04017230208 241.6705797 0.9932118047 -0.09716983421 0.06394008365 0.1339534734 -0.06750424243 -0.03384265659 0.99714485 -0.7910376211
-0.08095231844 -0.9958619732 -0.04129954572 241.4536805 0.9943734526 -0.08353289972 0.06514362117 2.419643476 -0.06832392593 -0.0357936447 0.9970208905 -0.9161637492
-0.0629161849 -0.9973396525 -0.03681265039 241.3245624 0.995677558 -0.06525094606 0.06609473906 4.440018461 -0.06832096435 -0.03249510102 0.9971340503 -1.031467554
-0.03697923857 -0.9986764668 -0.03574703548 241.2369223 0.996718857 -0.03943685069 0.07068419199 6.573060157 -0.07200038961 -0.03301589674 0.9968580112 -1.148125848
0.0005296929043 -0.9994962978 -0.03173121693 241.2160549 0.9976852494 -0.00162949054 0.06798152633 8.781443107 -0.0679989896 -0.03169377641 0.99718185 -1.269610299
0.03735010552 -0.9990033948 -0.02443740636 241.2668609 0.9985744379 0.03637858856 0.03906008456 10.795845 -0.03813215872 -0.0258614676 0.9989379976 -1.345419204
0.2178649936 -0.9756946192 -0.02355535459 241.4924985 0.9751026134 0.2165834492 0.04760780235 12.8706693 -0.04134897664 -0.03334096137 0.9985883248 -1.429115962
0.5121778209 -0.8588178823 -0.01028226174 242.3499769 0.8573671758 0.5105292609 0.06543240522 14.90434199 -0.0509451242 -0.04232870043 0.9978040266 -1.529120694
0.7877416854 -0.6158996166 -0.0114323819 243.9316701 0.615493344 0.7861941243 0.05537817623 16.43958554 -0.02511932603 -0.05066025284 0.9983999991 -1.599326516
0.9341365018 -0.3568873979 -0.004514566604 246.1191955 0.3567181383 0.9331230236 0.0450953723 17.38138128 -0.01188132404 -0.04373566112 0.9989724851 -1.602061761
0.982832498 -0.1843929583 -0.006286317034 248.3480746 0.184492678 0.981917136 0.04244042611 17.92460255 -0.001653073305 -0.04287160947 0.9990792223 -1.621975037
0.9963137318 -0.08574525094 -0.002588372324 250.8380096 0.08578244709 0.9956396674 0.0366472987 18.24014152 -0.0005652456638 -0.03673424384 0.99932491 -1.622304137
0.9988624609 -0.04748289114 -0.004377118314 253.5092825 0.04760591593 0.9982702716 0.03449842784 18.41743113 0.002731461995 -0.03466756126 0.9993951667 -1.614614478
0.9992801277 -0.03770204542 -0.00421689551 255.6780765 0.03782950538 0.9986372663 0.03595189645 18.51954768 0.002855688971 -0.03608553875 0.9993446247 -1.600189225
0.9993561708 -0.03587267031 0.0006288170578 258.0259167 0.03582171978 0.9986131024 0.03858336522 18.61192484 -0.002012033293 -0.03853599881 0.9992551869 -1.594459351
0.9991167336 -0.04139469753 -0.007227145265 260.4629563 0.04161652217 0.9985598974 0.03385552276 18.72962533 0.00581529831 -0.03412638796 0.9994006063 -1.594012769
0.9990815157 -0.04217897306 -0.007553750822 263.0567166 0.04249228433 0.9979564307 0.047721779 18.85038933 0.005525458578 -0.04799892343 0.9988321043 -1.5635352
0.9990938493 -0.04227659691 0.004916267366 265.7450367 0.04204740772 0.9983183043 0.03990712754 18.96400403 -0.006595137245 -0.03966424936 0.9991912987 -1.552718133
0.9988526566 -0.04626473684 -0.01236707079 268.5445523 0.04670069217 0.9981988923 0.03765656242 19.09918922 0.01060262541 -0.03819090818 0.9992142107 -1.543911611
0.9988138752 -0.04810950959 -0.007504522744 271.4521099 0.0483885366 0.9979038141 0.04297123912 19.2605598 0.005421466629 -0.04328340274 0.9990481243 -1.514965116
0.9988680237 -0.04755763188 0.0009710027098 273.47733 0.04747262567 0.9979560525 0.04277928237 19.36486541 -0.003003499394 -0.04268476119 0.9990840756 -1.505005793
0.998867481 -0.04750112825 -0.002719950926 275.5093245 0.04757179753 0.9980746613 0.03979817306 19.46321454 0.0008242559764 -0.03988249383 0.9992040369 -1.494982999
0.9987958084 -0.04845279364 -0.007698051982 277.5898924 0.04871690791 0.9980531948 0.03894205048 19.5690237 0.005796214238 -0.03927018207 0.9992118177 -1.478005624
0.9987000732 -0.05063971015 -0.005812363031 279.693626 0.05083055575 0.9979236083 0.03955662479 19.68149004 0.003797158275 -0.03980064971 0.9992004253 -1.448000222
0.9985140855 -0.05437639899 -0.003581648216 281.8012904 0.05447077184 0.997854416 0.03632491422 19.79833576 0.00159874546 -0.03646603364 0.9993336142 -1.423828646
0.998259521 -0.05783619418 -0.01152837133 283.9348494 0.05819745922 0.9977276101 0.03395102041 19.9298112 0.009538576563 -0.03456285129 0.9993570057 -1.405305531
0.9980693559 -0.06092525749 -0.01206953773 286.0553488 0.06135154196 0.9973607035 0.03882802451 20.06955444 0.009672075253 -0.03949354616 0.9991730134 -1.362490076
0.9979520647 -0.06373919087 -0.005384427554 288.158835 0.06390535746 0.9971351089 0.04046825794 20.21658779 0.002789587739 -0.04072947534 0.9991663165 -1.335002739
0.9978228017 -0.06594415185 -0.001012569532 290.3162143 0.06593355229 0.9970648722 0.03891538729 20.36854533 -0.001556644698 -0.03889742308 0.9992419964 -1.318993674
0.9978220214 -0.06585682117 -0.003754020095 292.4045187 0.06595034177 0.9971491767 0.03666158553 20.51869543 0.001328902566 -0.03682931629 0.999320687 -1.300235929
0.9977525559 -0.06603320852 -0.01137772505 294.5123773 0.06637313154 0.9972599512 0.03266798288 20.67054084 0.009189377799 -0.03334973865 0.999401496 -1.273414409
0.9978045397 -0.06540498613 -0.01040616428 296.5860379 0.06575062731 0.9971373611 0.03733548022 20.81980582 0.00793444862 -0.03793772349 0.9992486045 -1.238879937
0.9978738167 -0.06477217148 -0.007239590949 298.6512547 0.06499842636 0.9971867705 0.03733295215 20.96965657 0.00480108794 -0.03772413747 0.9992766579 -1.201982174
0.9979455575 -0.0639058361 -0.004550645182 300.7223535 0.06403591399 0.9971673882 0.03945379181 21.12058034 0.002016427418 -0.03966414098 0.9992110337 -1.171472398
0.998009243 -0.06306702595 -0.0003179796556 302.7559325 0.06302662043 0.9971622599 0.04117125972 21.26711975 -0.002279471593 -0.04110933893 0.9991520536 -1.150589162
0.9980086996 -0.06235192402 -0.009532733303 304.7955747 0.06269272734 0.9971885489 0.0410441202 21.41281681 0.006946752626 -0.04156002208 0.9991118592 -1.140433262
0.9980333841 -0.06139854469 -0.01263261026 306.8403554 0.06191656023 0.9970297832 0.04580339473 21.56438047 0.00978282689 -0.04649548482 0.9988705953 -1.113027441
0.9980564679 -0.06090895513 -0.01316761791 308.9079092 0.06147493398 0.9969537908 0.047999704 21.70863671 0.01020389477 -0.04871589348 0.998760553 -1.085528463
0.9980794505 -0.06094078112 -0.01111897658 310.9817108 0.06139379744 0.9970350607 0.04638846176 21.84505614 0.008259060394 -0.04698200661 0.9988615915 -1.055046086
0.9980724631 -0.06120418846 -0.0102667319 313.0412066 0.06160780304 0.9970780135 0.04516540178 21.98546508 0.007472420885 -0.0457108546 0.9989267644 -1.026818345
0.9981882113 -0.05920880233 -0.01070572176 315.1003573 0.05964237398 0.9971521692 0.0461555915 22.11244168 0.007942416378 -0.04671048198 0.9988768938 -0.9969956692
0.9982522546 -0.05795618494 -0.01155494419 317.1662675 0.05843725027 0.9971891487 0.04689231859 22.24608572 0.008804765075 -0.04748560193 0.9988331161 -0.9582897001
0.9983082546 -0.0570008677 -0.01146865078 319.3200468 0.05746160216 0.9973357892 0.04493871116 22.37942995 0.008876550351 -0.04552169335 0.9989239122 -0.9386075163
0.998244158 -0.05654432044 -0.01764485176 321.4610834 0.05729786387 0.9973147598 0.04560948065 22.51702201 0.01501851401 -0.04654040992 0.9988035014 -0.9016926479
0.9983181219 -0.05660095146 -0.01254032877 323.6074159 0.05711833131 0.9973215613 0.04568588044 22.64310723 0.009920875965 -0.04632532501 0.9988771398 -0.8497147585
0.998396224 -0.05605994361 -0.007890667805 325.7607097 0.0563600033 0.9973910167 0.04510775736 22.77708233 0.005341342851 -0.04548013269 0.9989509636 -0.8028257551
0.9984121471 -0.05599971538 -0.006100527107 327.9470199 0.0562064487 0.9975434318 0.04180833356 22.91354369 0.003744285966 -0.04208483704 0.9991070247 -0.7762531788
0.9983608639 -0.05642843538 -0.009561225317 330.0927193 0.05676879026 0.9975797509 0.04014903599 23.0364522 0.007272537486 -0.04062600546 0.999147956 -0.7361386946
0.9983275783 -0.05687626993 -0.01035067066 332.2330902 0.05726178 0.9974827029 0.04182518274 23.15650973 0.007945754561 -0.04234793122 0.9990713276 -0.680520841
0.9983220848 -0.05766677161 -0.005249613712 334.3934453 0.05782764524 0.997570301 0.03885174268 23.28614327 0.00299640416 -0.03909012555 0.9992311963 -0.6413306279
0.9982478461 -0.05871616954 -0.007324557773 336.5145501 0.05894397697 0.997604565 0.03620413632 23.41004763 0.005181244065 -0.03657243967 0.9993175728 -0.5975438104
0.9981909841 -0.05914030521 -0.01082513801 338.6394211 0.05949587312 0.9975733552 0.03616133484 23.53435382 0.008660276868 -0.03673996945 0.9992873332 -0.5505285297
0.9981268944 -0.06064597577 -0.008047871665 340.700472 0.06088294621 0.9975829609 0.03348884785 23.66900532 0.005997455789 -0.03391609784 0.9994066884 -0.5161132158
0.9980382492 -0.0624375331 -0.004605177363 342.7887084 0.06255491742 0.9975080294 0.03262841833 23.79862372 0.002556463447 -0.03285248599 0.9994569419 -0.4735898873
0.9978339303 -0.0656504891 -0.004178607421 345.7345542 0.06573852671 0.9974846567 0.02651048261 23.99290581 0.002427670639 -0.02672775455 0.9996398019 -0.4209583709
0.9976247345 -0.06856473743 -0.006615578855 348.664329 0.06870605438 0.997342534 0.02423526335 24.20459825 0.004936313711 -0.02463222849 0.9996843933 -0.3867797224
0.9975205049 -0.07004378471 -0.00683451565 351.4751202 0.07019832692 0.9971976887 0.02586434891 24.41341896 0.005003726323 -0.02627998994 0.9996420984 -0.3356767504
0.9976116086 -0.06834152066 -0.01002571041 354.1039515 0.0685870705 0.9972897158 0.02662774145 24.60906871 0.008178757542 -0.02725177809 0.9995951423 -0.2877965667
0.9979518273 -0.0634507845 -0.00813316154 356.5925599 0.0636107054 0.9977495786 0.02120038871 24.78198868 0.006769677204 -0.0216743228 0.9997421644 -0.2436324748
0.9982609773 -0.05877932219 -0.004473527544 358.9354478 0.05885571663 0.9980766188 0.01946965816 24.93420011 0.003320509935 -0.01969909266 0.9998004401 -0.2015968954
0.99852347 -0.0540605485 -0.005323250792 361.0416702 0.054148238 0.9983706457 0.01800061549 25.04930256 0.004341454183 -0.0182622817 0.9998238049 -0.162395258
0.9986909866 -0.05002129106 -0.01068567927 363.5697848 0.05021014975 0.998572753 0.01820433303 25.19465505 0.009759823923 -0.01871703287 0.9997771844 -0.1211370627
0.9980453132 -0.06149699496 -0.01112080858 365.6972302 0.06171543366 0.9978832324 0.02050023565 25.32997615 0.009836565526 -0.02114648963 0.999727997 -0.05426057368
0.990930805 -0.1333121833 -0.0168523435 367.9878551 0.1337034587 0.9907127176 0.02473249393 25.68650454 0.01339868826 -0.02676140673 0.9995520508 -0.0108447874
0.9551013102 -0.2961257285 -0.009541494038 370.0721956 0.2962787366 0.9546722667 0.02863168561 26.39202864 0.000630420983 -0.03017310224 0.9995444895 0.01961620556
0.8542840117 -0.5198064838 0.0002159942218 371.8537734 0.5192373425 0.8533679405 0.04642994989 27.47478299 -0.02431891154 -0.03955221159 0.998921525 0.006469908711
0.6630809147 -0.7484046974 0.01463248051 373.4516919 0.7467867063 0.6627346389 0.05560947503 29.06406489 -0.05131584402 -0.02594623965 0.9983453695 -0.08719981663
0.3797252004 -0.924836221 0.02206210563 374.5733424 0.9238177829 0.380346178 0.04356017488 31.25514003 -0.04867726508 0.003840469375 0.9988071759 -0.1928912925
0.1209818154 -0.9923245377 0.02560101821 374.9090175 0.9912924955 0.122126279 0.04923779321 33.30348739 -0.05198642747 0.01942121962 0.9984589263 -0.259661063
-0.05487016391 -0.9984689219 -0.007005498993 374.778118 0.9962274758 -0.05521670474 0.0669472321 35.41768483 -0.06723155123 -0.003305664981 0.9977319235 -0.3831537528
-0.1085541829 -0.9939806104 -0.0147829492 374.4842731 0.9921583052 -0.1092579387 0.06070090836 37.69353203 -0.0619506805 -0.008077688317 0.998046524 -0.5102235383
-0.1096574135 -0.9938949351 -0.01217003039 374.1684066 0.9925453868 -0.1101472712 0.05216544564 40.26430606 -0.05318746785 -0.006358979681 0.9985642977 -0.669141509
-0.1063243523 -0.99418904 -0.01683107035 373.9147917 0.9928053279 -0.1070834345 0.05357909046 42.36901141 -0.05507007333 -0.01101321423 0.9984217526 -0.7620242197
-0.09354460544 -0.9952640896 -0.02643480128 373.6646397 0.9942126649 -0.09478867784 0.05055970277 44.56999759 -0.05282597641 -0.02155222678 0.9983711323 -0.8711052966
-0.08169380941 -0.9961680337 -0.03123091589 373.4496595 0.9948269438 -0.08340204193 0.05799526905 46.94080273 -0.06037775529 -0.02633150215 0.997828231 -0.9980531352
-0.07217373014 -0.9969617437 -0.02929563656 373.243537 0.9957800477 -0.07369527265 0.05469098022 49.44267 -0.05668376493 -0.02522475832 0.9980734754 -1.133627446
-0.06299760801 -0.9976154868 -0.02818939377 373.0570404 0.9956089962 -0.06478032303 0.06757393367 52.10429658 -0.06923892077 -0.02380861785 0.9973159587 -1.28009758
-0.05578833703 -0.9982200909 -0.02107869842 372.8805531 0.9963464325 -0.05702609512 0.06357523884 54.83307906 -0.06466411656 -0.01745492912 0.9977544174 -1.423570876
-0.05472560421 -0.998232545 -0.02317098097 372.7236009 0.9966114248 -0.0560344344 0.06021470019 57.64436265 -0.06140664623 -0.01979717851 0.9979164772 -1.593313854
-0.05817799958 -0.9980879367 -0.02087560605 372.5415818 0.9963370964 -0.05936329689 0.06154989363 60.46917551 -0.06267145114 -0.01721829103 0.9978856746 -1.718168182
-0.06182140635 -0.9978369398 -0.02235073511 372.3685529 0.9960646028 -0.06310557745 0.06223337724 63.22191901 -0.06350921874 -0.01841542119 0.9978113306 -1.856647948
-0.06788902372 -0.9974175279 -0.02343833529 372.1600674 0.9958785178 -0.06916301614 0.05867243762 66.01954932 -0.06014198365 -0.0193585201 0.9980020989 -1.983614029
-0.07961196848 -0.9964838728 -0.02611179347 371.9292613 0.9943842218 -0.08122203775 0.06784541251 68.75854932 -0.06972771248 -0.02056384859 0.9973540867 -2.133303832
-0.08839564038 -0.9956896628 -0.02807678878 371.6543876 0.9941548705 -0.0899433437 0.05971840891 71.51657176 -0.0619863227 -0.02263382931 0.9978203273 -2.27456194
-0.09152407614 -0.9953901891 -0.0286655707 371.3940407 0.9937904159 -0.09313044811 0.06088783948 74.16793043 -0.06327679549 -0.02291486617 0.9977329082 -2.419983702
-0.08728079038 -0.9958260823 -0.02669227306 371.1270176 0.9943954295 -0.08869761868 0.05753661658 76.85675131 -0.05966400453 -0.02152083297 0.9979865031 -2.568021683
-0.07514927028 -0.9967340355 -0.02956094654 370.8890303 0.9951506236 -0.07685069564 0.06139386699 79.53287093 -0.06346513611 -0.02480389008 0.9976757707 -2.707724745
-0.06009878835 -0.9977871977 -0.02844017832 370.702532 0.9961017128 -0.0617916534 0.06295370775 82.20503436 -0.06457176928 -0.02454586878 0.9976111401 -2.859523447
-0.04458077632 -0.9986303412 -0.02738605473 370.5493284 0.9971894395 -0.0461353173 0.05903180749 84.81317273 -0.06021441838 -0.02467740076 0.9978803785 -2.986457957
-0.02959696227 -0.9992025636 -0.02680031015 370.4371754 0.9977145389 -0.03116100094 0.05995574164 87.4558716 -0.06074305524 -0.02496455126 0.997841196 -3.117864474
-0.0170398736 -0.9995844116 -0.02325181119 370.3611062 0.9977515791 -0.01850701473 0.06441488032 90.06057548 -0.06481843186 -0.02210190991 0.9976522823 -3.269963764
-0.01013607361 -0.9998014803 -0.01715400699 370.3342157 0.9980858955 -0.01116231819 0.06082719597 92.57062732 -0.06100659906 -0.01650462349 0.9980008979 -3.38591362
